,id,retweet_count,favorite_count
0,666020888022790149,511,2556
1,666029285002620928,47,130
2,666033412701032449,44,125
3,666044226329800704,141,298
4,666049248165822465,40,109
5,666050758794694657,58,133
6,666051853826850816,844,1212
7,666055525042405380,249,432
8,666057090499244032,141,297
9,666058600524156928,57,111
10,666063827256086533,217,474
11,666071193221509120,60,147
12,666073100786774016,163,321
13,666082916733198337,44,118
14,666094000022159362,73,164
15,666099513787052032,67,154
16,666102155909144576,12,80
17,666104133288665088,6550,14262
18,666268910803644416,35,103
19,666273097616637952,76,174
20,666287406224695296,64,149
21,666293911632134144,354,499
22,666337882303524864,90,198
23,666345417576210432,135,295
24,666353288456101888,72,219
25,666362758909284353,567,775
26,666373753744588802,93,188
27,666396247373291520,84,168
28,666407126856765440,40,110
29,666411507551481857,325,445
30,666418789513326592,46,126
31,666421158376562688,111,316
32,666428276349472768,83,165
33,666430724426358785,198,319
34,666435652385423360,53,165
35,666437273139982337,48,126
36,666447344410484738,20,105
37,666454714377183233,208,521
38,666644823164719104,83,234
39,666649482315059201,610,992
40,666691418707132416,47,189
41,666701168228331520,221,436
42,666739327293083650,66,239
43,666776908487630848,175,355
44,666781792255496192,200,391
45,666786068205871104,490,770
46,666804364988780544,94,244
47,666817836334096384,258,527
48,666826780179869698,97,256
49,666835007768551424,80,218
50,666837028449972224,562,829
51,666983947667116034,1002,2579
52,666996132027977728,96,247
53,667012601033924608,227,454
54,667044094246576128,51,186
55,667062181243039745,55,221
56,667065535570550784,48,168
57,667073648344346624,125,410
58,667090893657276420,129,339
59,667119796878725120,129,333
60,667138269671505920,2270,4680
61,667152164079423490,17559,48555
62,667160273090932737,63,262
63,667165590075940865,1171,2735
64,667171260800061440,92,227
65,667174963120574464,84,252
66,667176164155375616,472,620
67,667177989038297088,55,193
68,667182792070062081,6378,14576
69,667188689915760640,427,760
70,667192066997374976,109,393
71,667200525029539841,267,624
72,667211855547486208,248,500
73,667369227918143488,167,374
74,667393430834667520,58,198
75,667405339315146752,223,473
76,667435689202614272,85,310
77,667437278097252352,245,455
78,667443425659232256,597,803
79,667453023279554560,92,319
80,667455448082227200,60,194
81,667470559035432960,100,264
82,667491009379606528,232,545
83,667495797102141441,282,534
84,667502640335572993,224,540
85,667509364010450944,2193,6908
86,667517642048163840,197,375
87,667524857454854144,1148,1732
88,667530908589760512,249,482
89,667534815156183040,554,836
90,667538891197542400,67,209
91,667544320556335104,540,886
92,667546741521195010,129,340
93,667549055577362432,2358,5912
94,667550882905632768,33,0
95,667550904950915073,35,0
96,667724302356258817,328,496
97,667728196545200128,153,383
98,667766675769573376,225,453
99,667773195014021121,58,240
100,667782464991965184,249,422
101,667793409583771648,338,715
102,667801013445750784,97,337
103,667806454573760512,515,1080
104,667832474953625600,63,294
105,667861340749471744,80,248
106,667866724293877760,1068,3065
107,667873844930215936,420,645
108,667878741721415682,121,400
109,667885044254572545,506,839
110,667886921285246976,1130,1936
111,667902449697558528,387,867
112,667911425562669056,315,502
113,667915453470232577,58,215
114,667924896115245057,114,308
115,667937095915278337,822,1308
116,668113020489474048,252,682
117,668142349051129856,296,579
118,668154635664932864,326,509
119,668171859951755264,202,506
120,668190681446379520,201,667
121,668204964695683073,200,566
122,668221241640230912,205,524
123,668226093875376128,107,310
124,668237644992782336,2964,6381
125,668248472370458624,504,1019
126,668256321989451776,643,1337
127,668268907921326080,245,570
128,668274247790391296,238,849
129,668286279830867968,142,520
130,668291999406125056,33,254
131,668297328638447616,309,636
132,668466899341221888,536,909
133,668480044826800133,153,474
134,668484198282485761,245,438
135,668496999348633600,136,422
136,668507509523615744,112,335
137,668528771708952576,235,477
138,668537837512433665,78,257
139,668542336805281792,223,476
140,668544745690562560,237,532
141,668567822092664832,60,252
142,668614819948453888,326,626
143,668620235289837568,45,210
144,668623201287675904,810,1491
145,668625577880875008,140,399
146,668627278264475648,118,326
147,668631377374486528,330,738
148,668633411083464705,1720,2899
149,668636665813057536,506,1075
150,668641109086707712,559,1105
151,668643542311546881,551,910
152,668645506898350081,566,924
153,668655139528511488,227,547
154,668779399630725120,384,726
155,668815180734689280,283,588
156,668826086256599040,146,451
157,668852170888998912,173,466
158,668872652652679168,310,543
159,668892474547511297,159,408
160,668902994700836864,106,327
161,668932921458302977,59,276
162,668955713004314625,74,288
163,668960084974809088,248,729
164,668975677807423489,611,1345
165,668979806671884288,366,817
166,668981893510119424,320,555
167,668986018524233728,174,566
168,668988183816871936,494,928
169,668989615043424256,342,703
170,668992363537309700,362,764
171,668994913074286592,243,454
172,669000397445533696,6639,21446
173,669006782128353280,261,591
174,669015743032369152,388,760
175,669037058363662336,326,679
176,669203728096960512,498,1035
177,669214165781868544,178,457
178,669216679721873412,419,1220
179,669324657376567296,214,510
180,669327207240699904,120,590
181,669328503091937280,434,1038
182,669351434509529089,195,453
183,669353438988365824,267,665
184,669354382627049472,1325,2789
185,669359674819481600,129,378
186,669363888236994561,238,644
187,669367896104181761,164,473
188,669371483794317312,187,510
189,669375718304980992,760,1375
190,669393256313184256,79,375
191,669564461267722241,129,398
192,669567591774625800,59,241
193,669571471778410496,1052,1629
194,669573570759163904,148,448
195,669583744538451968,969,1532
196,669597912108789760,157,527
197,669603084620980224,386,972
198,669625907762618368,1890,3638
199,669661792646373376,459,829
200,669680153564442624,300,689
201,669682095984410625,137,365
202,669683899023405056,114,403
203,669749430875258880,67,278
204,669753178989142016,422,837
205,669923323644657664,59,242
206,669926384437997569,109,387
207,669942763794931712,174,522
208,669970042633789440,63,309
209,669972011175813120,168,455
210,669993076832759809,87,334
211,670003130994700288,96,342
212,670037189829525505,292,602
213,670040295598354432,115,771
214,670046952931721218,183,662
215,670055038660800512,344,689
216,670061506722140161,359,786
217,670069087419133954,255,650
218,670073503555706880,826,1616
219,670079681849372674,1307,2287
220,670086499208155136,261,716
221,670093938074779648,353,1063
222,670290420111441920,298,725
223,670303360680108032,141,438
224,670319130621435904,1290,3957
225,670338931251150849,117,438
226,670361874861563904,69,339
227,670374371102445568,280,762
228,670385711116361728,220,576
229,670403879788544000,163,444
230,670408998013820928,233,572
231,670411370698022913,943,2092
232,670417414769758208,337,586
233,670420569653809152,330,647
234,670421925039075328,667,1351
235,670427002554466305,172,532
236,670428280563085312,664,1424
237,670433248821026816,118,334
238,670434127938719744,672,1444
239,670435821946826752,546,1081
240,670442337873600512,205,666
241,670444955656130560,2066,6899
242,670449342516494336,700,1225
243,670452855871037440,217,563
244,670465786746662913,580,1000
245,670468609693655041,89,362
246,670474236058800128,799,1576
247,670668383499735048,5265,11028
248,670676092097810432,45,260
249,670679630144274432,301,769
250,670691627984359425,253,605
251,670704688707301377,386,784
252,670717338665226240,517,1248
253,670727704916926465,380,853
254,670733412878163972,529,987
255,670755717859713024,118,461
256,670764103623966721,440,1107
257,670778058496974848,74,337
258,670780561024270336,297,802
259,670782429121134593,814,1619
260,670783437142401025,411,840
261,670786190031921152,209,620
262,670789397210615808,250,682
263,670792680469889025,288,857
264,670797304698376195,247,754
265,670803562457407488,91,349
266,670804601705242624,994,2031
267,670807719151067136,509,1184
268,670811965569282048,281,1162
269,670815497391357952,1614,3262
270,670822709593571328,100,631
271,670823764196741120,198,799
272,670826280409919488,4248,5732
273,670832455012716544,229,756
274,670833812859932673,128,462
275,670838202509447168,727,1147
276,670840546554966016,205,614
277,670842764863651840,9157,25248
278,670995969505435648,305,1136
279,671109016219725825,458,1176
280,671115716440031232,807,1392
281,671122204919246848,2637,3598
282,671134062904504320,200,766
283,671138694582165504,421,957
284,671141549288370177,683,1205
285,671147085991960577,240,692
286,671151324042559489,160,690
287,671154572044468225,227,742
288,671159727754231808,85,387
289,671163268581498880,1154,1709
290,671166507850801152,368,899
291,671182547775299584,360,1154
292,671186162933985280,222,757
293,671347597085433856,449,995
294,671355857343524864,117,490
295,671357843010908160,154,413
296,671362598324076544,307,1144
297,671390180817915904,766,1460
298,671485057807351808,241,785
299,671486386088865792,213,598
300,671488513339211776,491,1041
301,671497587707535361,467,947
302,671504605491109889,3692,7235
303,671511350426865664,759,1659
304,671518598289059840,303,975
305,671520732782923777,551,1436
306,671528761649688577,268,863
307,671533943490011136,601,1049
308,671536543010570240,426,1212
309,671538301157904385,414,950
310,671542985629241344,593,1121
311,671544874165002241,1094,2044
312,671547767500775424,621,1391
313,671561002136281088,7562,13203
314,671729906628341761,4565,8769
315,671735591348891648,786,1485
316,671743150407421952,239,759
317,671744970634719232,802,1385
318,671763349865160704,965,1731
319,671768281401958400,546,1231
320,671789708968640512,3644,7268
321,671855973984772097,475,939
322,671866342182637568,522,1160
323,671874878652489728,580,1284
324,671879137494245376,721,1463
325,671882082306625538,1437,3563
326,671891728106971137,590,1368
327,671896809300709376,4337,8697
328,672068090318987265,539,1335
329,672082170312290304,381,966
330,672095186491711488,384,1027
331,672125275208069120,1197,2474
332,672139350159835138,750,1798
333,672160042234327040,376,895
334,672169685991993344,386,1051
335,672205392827572224,1206,2326
336,672222792075620352,221,808
337,672231046314901505,1054,1892
338,672239279297454080,334,919
339,672245253877968896,162,706
340,672248013293752320,633,1776
341,672254177670729728,770,1471
342,672256522047614977,1624,2895
343,672264251789176834,356,1176
344,672267570918129665,640,1538
345,672272411274932228,3542,6640
346,672466075045466113,563,1393
347,672475084225949696,733,1479
348,672481316919734272,128,734
349,672482722825261057,635,1170
350,672488522314567680,455,1148
351,672523490734551040,180,664
352,672538107540070400,387,1058
353,672591271085670400,195,749
354,672591762242805761,348,978
355,672594978741354496,631,1362
356,672604026190569472,426,1144
357,672609152938721280,405,1149
358,672614745925664768,613,1259
359,672622327801233409,516,1330
360,672640509974827008,336,1000
361,672828477930868736,510,1289
362,672834301050937345,594,1351
363,672877615439593473,385,1057
364,672884426393653248,861,1599
365,672898206762672129,440,917
366,672902681409806336,527,1409
367,672964561327235073,671,1464
368,672968025906282496,571,1352
369,672970152493887488,373,984
370,672975131468300288,963,1739
371,672980819271634944,1045,1863
372,672984142909456390,567,1288
373,672988786805112832,304,1006
374,672995267319328768,311,986
375,672997845381865473,756,2024
376,673148804208660480,659,1753
377,673213039743795200,886,2324
378,673240798075449344,763,1461
379,673270968295534593,387,1095
380,673295268553605120,3322,7740
381,673317986296586240,277,893
382,673320132811366400,8352,13894
383,673342308415348736,617,1306
384,673343217010679808,281,1002
385,673345638550134785,1346,2606
386,673350198937153538,223,762
387,673352124999274496,567,1704
388,673355879178194945,614,1536
389,673359818736984064,701,1496
390,673363615379013632,326,1052
391,673576835670777856,587,1420
392,673580926094458881,278,854
393,673583129559498752,388,1227
394,673612854080196609,760,1635
395,673636718965334016,386,1151
396,673656262056419329,254,737
397,673662677122719744,380,1287
398,673680198160809984,487,1413
399,673686845050527744,457,1490
400,673688752737402881,521,1300
401,673689733134946305,681,1793
402,673697980713705472,2066,3925
403,673700254269775872,598,1485
404,673705679337693185,417,1295
405,673707060090052608,412,1129
406,673708611235921920,305,1106
407,673709992831262724,286,875
408,673711475735838725,313,1068
409,673715861853720576,2199,3670
410,673887867907739649,264,963
411,673906403526995968,1713,3299
412,673919437611909120,385,1207
413,673956914389192708,1018,2018
414,674008982932058114,370,1237
415,674014384960745472,685,1616
416,674019345211760640,315,1170
417,674024893172875264,1298,1854
418,674036086168010753,227,871
419,674038233588723717,432,1137
420,674042553264685056,135,742
421,674045139690631169,674,1464
422,674051556661161984,506,1498
423,674053186244734976,1376,3443
424,674063288070742018,2349,6582
425,674075285688614912,303,1010
426,674082852460433408,179,778
427,674255168825880576,592,1519
428,674262580978937856,482,1347
429,674265582246694913,892,1698
430,674269164442398721,239,927
431,674271431610523648,766,1621
432,674291837063053312,6244,15285
433,674318007229923329,547,1462
434,674372068062928900,326,876
435,674394782723014656,606,1552
436,674410619106390016,491,1237
437,674416750885273600,148,706
438,674422304705744896,563,1483
439,674436901579923456,417,1157
440,674447403907457024,376,1099
441,674468880899788800,2179,6444
442,674632714662858753,611,1554
443,674638615994089473,613,1746
444,674644256330530816,285,1070
445,674646392044941312,531,1494
446,674664755118911488,269,956
447,674670581682434048,688,1680
448,674690135443775488,495,1188
449,674737130913071104,97,668
450,674739953134403584,420,1156
451,674743008475090944,585,1456
452,674752233200820224,492,1515
453,674754018082705410,479,1405
454,674764817387900928,253,815
455,674767892831932416,849,1901
456,674774481756377088,504,1176
457,674781762103414784,1279,2084
458,674788554665512960,220,842
459,674790488185167872,268,1144
460,674793399141146624,1159,2602
461,674800520222154752,912,3122
462,674805413498527744,375,894
463,674999807681908736,1172,2334
464,675003128568291329,502,1611
465,675006312288268288,240,1015
466,675015141583413248,1272,2819
467,675047298674663426,345,1101
468,675109292475830276,1205,2909
469,675111688094527488,267,1003
470,675113801096802304,827,2031
471,675135153782571009,525,1349
472,675145476954566656,961,2218
473,675146535592706048,330,1244
474,675147105808306176,254,979
475,675149409102012420,1789,3888
476,675153376133427200,2769,6549
477,675166823650848770,1726,3759
478,675334060156301312,1372,2901
479,675349384339542016,2407,4087
480,675354435921575936,18250,34120
481,675362609739206656,242,1091
482,675372240448454658,537,1774
483,675432746517426176,602,1583
484,675483430902214656,1032,1922
485,675489971617296384,632,1353
486,675497103322386432,1382,3269
487,675501075957489664,6206,17852
488,675517828909424640,487,1362
489,675522403582218240,304,1083
490,675531475945709568,411,1230
491,675534494439489536,445,1897
492,675706639471788032,103,670
493,675707330206547968,741,2076
494,675710890956750848,885,1980
495,675740360753160193,371,1213
496,675781562965868544,508,1689
497,675798442703122432,3611,10704
498,675820929667219457,244,1096
499,675822767435051008,567,1589
500,675845657354215424,952,2387
501,675853064436391936,1388,2810
502,675870721063669760,607,1717
503,675878199931371520,1494,4368
504,675888385639251968,1025,2489
505,675891555769696257,934,2230
506,675898130735476737,612,1713
507,676089483918516224,456,1377
508,676098748976615425,1543,3156
509,676101918813499392,1237,2938
510,676146341966438401,715,2001
511,676191832485810177,1099,2384
512,676215927814406144,629,1819
513,676219687039057920,33251,78401
514,676237365392908289,314,1277
515,676263575653122048,586,2173
516,676430933382295552,370,1463
517,676440007570247681,716,1801
518,676470639084101634,5005,12165
519,676496375194980353,570,1589
520,676533798876651520,596,1968
521,676575501977128964,1203,2708
522,676582956622721024,301,1260
523,676588346097852417,857,2447
524,676603393314578432,418,1233
525,676606785097199616,470,1972
526,676613908052996102,208,1141
527,676617503762681856,1053,3035
528,676776431406465024,2158,5234
529,676811746707918848,455,1488
530,676819651066732545,710,1886
531,676821958043033607,16775,24202
532,676864501615042560,769,2208
533,676897532954456065,783,2361
534,676936541936185344,5277,13330
535,676942428000112642,814,2177
536,676946864479084545,405,1782
537,676948236477857792,938,2282
538,676949632774234114,424,1364
539,676957860086095872,867,2313
540,676975532580409345,1150,2914
541,677187300187611136,988,2871
542,677228873407442944,1759,3719
543,677269281705472000,756,2092
544,677301033169788928,442,1309
545,677314812125323265,577,1728
546,677328882937298944,1608,3814
547,677331501395156992,254,1146
548,677334615166730240,317,1425
549,677530072887205888,242,1121
550,677547928504967168,3907,7297
551,677557565589463040,1248,2560
552,677565715327688705,488,1357
553,677573743309385728,782,2247
554,677644091929329666,857,1974
555,677662372920729601,1050,2049
556,677673981332312066,1612,3515
557,677687604918272002,909,2606
558,677698403548192770,342,1288
559,677700003327029250,1551,3572
560,677716515794329600,1044,3200
561,677895101218201600,2274,5081
562,677918531514703872,440,1417
563,678021115718029313,6871,14489
564,678255464182861824,401,1668
565,678278586130948096,6559,12094
566,678334497360859136,288,1369
567,678341075375947776,583,1819
568,678380236862578688,975,2566
569,678389028614488064,454,1970
570,678396796259975168,455,1674
571,678399652199309312,29832,61163
572,678410210315247616,1969,4468
573,678424312106393600,2754,5718
574,678446151570427904,1704,4218
575,678643457146150913,460,2164
576,678675843183484930,1606,3028
577,678740035362037760,1844,3969
578,678755239630127104,3583,7538
579,678764513869611008,517,1728
580,678767140346941444,1477,3728
581,678774928607469569,999,2946
582,678798276842360832,1286,3683
583,678800283649069056,977,2721
584,678969228704284672,498,1730
585,678991772295516161,1272,2453
586,679047485189439488,738,2379
587,679062614270468097,8903,18046
588,679111216690831360,2767,6293
589,679132435750195208,1251,3136
590,679148763231985668,1112,2934
591,679158373988876288,8798,22752
592,679462823135686656,20414,33581
593,679475951516934144,689,2223
594,679503373272485890,1606,3343
595,679511351870550016,1388,3570
596,679527802031484928,788,2799
597,679530280114372609,2242,5036
598,679722016581222400,509,1750
599,679729593985699840,892,2287
600,679736210798047232,865,2215
601,679777920601223168,1211,3267
602,679828447187857408,15215,38386
603,679844490799091713,835,2510
604,679854723806179328,1341,3035
605,679862121895714818,677,2609
606,679877062409191424,694,2082
607,680055455951884288,7731,17684
608,680070545539371008,951,2718
609,680085611152338944,9668,13537
610,680100725817409536,1484,3786
611,680115823365742593,989,2871
612,680130881361686529,1031,2427
613,680145970311643136,1888,3830
614,680161097740095489,796,2451
615,680176173301628928,1698,4132
616,680191257256136705,550,2272
617,680206703334408192,1276,2997
618,680221482581123072,314,1544
619,680440374763077632,547,1537
620,680473011644985345,810,2690
621,680494726643068929,524,1815
622,680497766108381184,2074,4488
623,680583894916304897,1456,3833
624,680609293079592961,775,2793
625,680798457301471234,1129,3031
626,680801747103793152,897,2504
627,680836378243002368,1442,3659
628,680889648562991104,397,1869
629,680913438424612864,671,2537
630,680934982542561280,479,2200
631,680940246314430465,1145,3425
632,680959110691590145,2157,4826
633,680970795137544192,720,2576
634,681193455364796417,1614,3940
635,681231109724700672,525,2538
636,681242418453299201,589,1589
637,681261549936340994,297,1542
638,681281657291280384,1195,3410
639,681297372102656000,1040,3387
640,681302363064414209,1991,4187
641,681320187870711809,823,2817
642,681339448655802368,4408,9848
643,681523177663676416,6322,15186
644,681579835668455424,1423,3753
645,681610798867845120,515,2023
646,681654059175129088,1007,2801
647,681679526984871937,484,1867
648,681694085539872773,4399,13547
649,681891461017812993,897,2617
650,681981167097122816,1117,2948
651,682003177596559360,1657,3345
652,682032003584274432,2190,6979
653,682047327939461121,1048,3408
654,682059653698686977,1844,5271
655,682242692827447297,1287,3450
656,682259524040966145,1324,4425
657,682303737705140231,1083,3268
658,682389078323662849,506,1774
659,682393905736888321,743,2376
660,682406705142087680,1913,8046
661,682429480204398592,1262,3643
662,682638830361513985,650,2184
663,682662431982772225,1171,3231
664,682697186228989953,390,1395
665,682750546109968385,476,1616
666,682788441537560576,1215,2624
667,682962037429899265,18174,39281
668,683030066213818368,795,2287
669,683078886620553216,611,2107
670,683098815881154561,713,2305
671,683111407806746624,989,3614
672,683142553609318400,1131,3057
673,683357973142474752,1022,3121
674,683391852557561860,2594,8086
675,683449695444799489,1744,4133
676,683462770029932544,726,2591
677,683481228088049664,1078,2797
678,683498322573824003,1038,3362
679,683742671509258241,3616,6909
680,683773439333797890,1476,3550
681,683828599284170753,1147,2974
682,683834909291606017,1202,2781
683,683849932751646720,1065,2787
684,683852578183077888,381,2043
685,683857920510050305,1209,4044
686,684097758874210310,1564,4363
687,684122891630342144,516,2117
688,684177701129875456,730,2144
689,684188786104872960,1271,3695
690,684195085588783105,563,2035
691,684200372118904832,1122,2304
692,684222868335505415,1502,4084
693,684225744407494656,230,1315
694,684241637099323392,3584,8657
695,684460069371654144,605,2098
696,684481074559381504,1267,4110
697,684538444857667585,1046,2814
698,684567543613382656,1343,3197
699,684594889858887680,3844,9497
700,684800227459624960,1080,2878
701,684880619965411328,894,2231
702,684902183876321280,575,1995
703,684914660081053696,1584,3721
704,684926975086034944,512,3722
705,684940049151070208,1135,3419
706,684959798585110529,3410,7240
707,685169283572338688,1547,4351
708,685198997565345792,728,2474
709,685268753634967552,1313,3294
710,685307451701334016,478,2198
711,685315239903100929,1170,3553
712,685321586178670592,699,2816
713,685325112850124800,4340,10077
714,685532292383666176,1248,3235
715,685547936038666240,17033,35006
716,685641971164143616,841,3113
717,685663452032069632,1592,3455
718,685667379192414208,624,2488
719,685906723014619143,3155,7991
720,685943807276412928,662,1732
721,685973236358713344,578,2239
722,686003207160610816,690,1931
723,686007916130873345,454,2626
724,686034024800862208,1272,3313
725,686050296934563840,799,2343
726,686358356425093120,741,2336
727,686377065986265092,607,2360
728,686386521809772549,957,3457
729,686606069955735556,587,2004
730,686618349602762752,1474,3903
731,686683045143953408,872,2983
732,686730991906516992,1302,4411
733,686749460672679938,1586,3678
734,686947101016735744,3447,9133
735,687096057537363968,658,2388
736,687102708889812993,1075,2487
737,687109925361856513,2678,6168
738,687124485711986689,551,2302
739,687127927494963200,2480,5807
740,687312378585812992,2065,4629
741,687317306314240000,9944,21363
742,687460506001633280,588,2172
743,687476254459715584,582,2094
744,687480748861947905,268,1698
745,687494652870668288,624,2034
746,687664829264453632,556,2062
747,687704180304273409,912,2590
748,687807801670897665,761,2538
749,687818504314159109,1027,2659
750,687826841265172480,1230,2902
751,688064179421470721,388,1826
752,688116655151435777,851,2997
753,688179443353796608,638,2250
754,688211956440801280,909,2362
755,688385280030670848,4832,9872
756,688519176466644993,793,2454
757,688547210804498433,763,2774
758,688789766343622656,723,2350
759,688804835492233216,213,1019
760,688828561667567616,402,1466
761,688894073864884227,755,2371
762,688898160958271489,854,2235
763,688908934925697024,839,2252
764,688916208532455424,945,2907
765,689143371370250240,558,2152
766,689154315265683456,1089,3249
767,689275259254616065,267,1229
768,689280876073582592,779,2119
769,689283819090870273,1199,3492
770,689289219123089408,1008,2394
771,689517482558820352,1552,3603
772,689557536375177216,502,2177
773,689599056876867584,5994,12358
774,689623661272240129,702,2373
775,689659372465688576,4228,11025
776,689661964914655233,1007,3396
777,689835978131935233,818,2299
778,689877686181715968,1283,3200
779,689905486972461056,750,2577
780,689977555533848577,483,1450
781,689999384604450816,407,1516
782,690005060500217858,1832,3896
783,690015576308211712,802,2666
784,690021994562220032,1121,2971
785,690248561355657216,446,1792
786,690360449368465409,966,2817
787,690374419777196032,935,3456
788,690400367696297985,490,1985
789,690597161306841088,653,2086
790,690649993829576704,305,1388
791,690690673629138944,858,2476
792,690728923253055490,562,2305
793,690735892932222976,1389,4017
794,690932576555528194,1107,3490
795,690938899477221376,2167,4396
796,690959652130045952,1361,3805
797,691090071332753408,362,1812
798,691096613310316544,967,3149
799,691321916024623104,714,2738
800,691416866452082688,8285,20533
801,691444869282295808,918,2819
802,691459709405118465,1246,4316
803,691483041324204033,612,2521
804,691675652215414786,551,2063
805,691756958957883396,1106,3071
806,691820333922455552,1788,4187
807,692017291282812928,1037,3040
808,692142790915014657,426,1744
809,692158366030913536,860,2289
810,692187005137076224,888,2678
811,692417313023332352,3765,9925
812,692530551048294401,456,1964
813,692535307825213440,1470,3386
814,692568918515392513,1663,4616
815,692752401762250755,3929,7255
816,692828166163931137,957,3050
817,692894228850999298,873,2416
818,692901601640583168,657,1900
819,692905862751522816,948,2587
820,692919143163629568,805,2837
821,693095443459342336,500,1995
822,693109034023534592,665,1829
823,693155686491000832,3464,8379
824,693231807727280129,796,3037
825,693262851218264065,544,2364
826,693280720173801472,1348,3570
827,693486665285931008,683,1885
828,693590843962331137,2131,5375
829,693622659251335168,399,1638
830,693629975228977152,868,2599
831,693642232151285760,448,2696
832,693647888581312512,643,2862
833,693942351086120961,398,1840
834,694001791655137281,1118,3595
835,694183373896572928,1004,3126
836,694206574471057408,2200,4448
837,694329668942569472,542,2132
838,694352839993344000,672,2161
839,694356675654983680,313,1598
840,694669722378485760,15649,37884
841,694905863685980160,1012,2934
842,695051054296211456,851,2831
843,695064344191721472,652,1711
844,695074328191332352,1194,3015
845,695095422348574720,665,2801
846,695314793360662529,1594,3870
847,695409464418041856,3858,9146
848,695446424020918272,1957,4626
849,695629776980148225,2275,4853
850,695767669421768709,806,1984
851,695794761660297217,848,3381
852,695816827381944320,1271,3186
853,696405997980676096,1232,3409
854,696488710901260288,1120,2695
855,696713835009417216,702,2527
856,696754882863349760,387,1565
857,696877980375769088,770,2590
858,696886256886657024,1935,5132
859,696894894812565505,733,2493
860,696900204696625153,1109,3388
861,697242256848379904,720,2665
862,697255105972801536,1257,3201
863,697259378236399616,1077,3484
864,697270446429966336,2014,4952
865,697463031882764288,1491,3615
866,697482927769255936,735,2572
867,697575480820686848,548,2161
868,697596423848730625,1363,3221
869,697616773278015490,1095,3351
870,697881462549430272,1286,3202
871,697943111201378304,750,2553
872,697990423684476929,1400,3489
873,697995514407682048,360,1620
874,698178924120031232,798,2970
875,698195409219559425,6458,17787
876,698262614669991936,2170,5036
877,698342080612007937,1026,2402
878,698355670425473025,486,1983
879,698549713696649216,664,2458
880,698635131305795584,369,1364
881,698703483621523456,409,1540
882,698710712454139905,742,2624
883,698907974262222848,672,2690
884,698953797952008193,977,2872
885,698989035503689728,1064,3592
886,699036661657767936,1292,2768
887,699072405256409088,1285,3185
888,699079609774645248,710,2596
889,699088579889332224,679,2371
890,699323444782047232,934,3350
891,699370870310113280,475,1992
892,699413908797464576,669,2190
893,699423671849451520,359,1452
894,699434518667751424,551,2302
895,699446877801091073,2828,6291
896,699691744225525762,4972,10890
897,699775878809702401,658,2078
898,699779630832685056,1338,2940
899,699788877217865730,537,2381
900,699801817392291840,1041,3237
901,700002074055016451,1457,3515
902,700029284593901568,630,2193
903,700062718104104960,753,2804
904,700143752053182464,2988,8001
905,700151421916807169,714,2380
906,700167517596164096,809,2809
907,700462010979500032,1953,4398
908,700505138482569216,618,2416
909,700518061187723268,865,2799
910,700747788515020802,10154,24237
911,700796979434098688,1037,2584
912,700847567345688576,540,2581
913,700864154249383937,662,2754
914,700890391244103680,620,2355
915,701214700881756160,5538,12962
916,701545186879471618,661,2816
917,701570477911896070,1013,2987
918,701601587219795968,498,2217
919,701889187134500865,1493,3774
920,701952816642965504,1106,4031
921,701981390485725185,1074,3648
922,702217446468493312,1454,5101
923,702276748847800320,826,2630
924,702321140488925184,1118,3477
925,702539513671897089,1040,3044
926,702598099714314240,3544,10971
927,702671118226825216,605,2321
928,702684942141153280,1165,3407
929,702932127499816960,782,2750
930,703041949650034688,13574,27976
931,703079050210877440,3356,7821
932,703268521220972544,595,2088
933,703356393781329922,418,2025
934,703382836347330562,1234,3716
935,703407252292673536,758,2610
936,703425003149250560,1500,4024
937,703611486317502464,1643,4094
938,703631701117943808,748,2757
939,703769065844768768,1229,3488
940,703774238772166656,501,1957
941,704054845121142784,996,3099
942,704113298707505153,610,1970
943,704347321748819968,382,1683
944,704364645503647744,3844,8530
945,704480331685040129,1146,3605
946,704499785726889984,1081,3117
947,704761120771465216,3139,7030
948,704819833553219584,1086,2796
949,704847917308362754,1658,5422
950,704859558691414016,590,2395
951,704871453724954624,1206,4526
952,705066031337840642,656,2301
953,705102439679201280,553,2280
954,705223444686888960,872,2739
955,705239209544720384,814,3178
956,705428427625635840,1831,4045
957,705442520700944385,1788,4718
958,705475953783398401,1001,3133
959,705591895322394625,1242,3357
960,705786532653883392,574,2064
961,705898680587526145,607,2513
962,705970349788291072,963,3328
963,705975130514706432,800,3282
964,706166467411222528,1741,5448
965,706265994973601792,993,2887
966,706291001778950144,506,1800
967,706310011488698368,8652,22696
968,706346369204748288,996,3648
969,706516534877929472,1116,3282
970,706538006853918722,1529,3666
971,706593038911545345,679,2285
972,706644897839910912,1184,2729
973,706681918348251136,1047,3513
974,706901761596989440,645,2193
975,707014260413456384,645,2436
976,707021089608753152,1482,4305
977,707038192327901184,856,2325
978,707059547140169728,732,2724
979,707297311098011648,860,2922
980,707315916783140866,691,2615
981,707377100785885184,1164,3481
982,707387676719185920,1410,3711
983,707411934438625280,648,2414
984,707420581654872064,748,2408
985,707610948723478529,6943,17945
986,707693576495472641,1080,3632
987,707741517457260545,659,2639
988,707776935007539200,1022,3469
989,707969809498152960,1048,2858
990,707995814724026368,1209,3293
991,708026248782585858,2078,4621
992,708109389455101952,584,2042
993,708119489313951744,1053,2841
994,708130923141795840,908,3585
995,708149363256774660,1663,4517
996,708349470027751425,793,2489
997,708356463048204288,1451,3820
998,708469915515297792,886,3255
999,708479650088034305,730,2697
1000,708711088997666817,789,2701
1001,708738143638450176,881,2894
1002,708810915978854401,7516,17446
1003,708834316713893888,543,1798
1004,708845821941387268,969,3142
1005,709042156699303936,1778,5031
1006,709158332880297985,449,2161
1007,709198395643068416,689,2550
1008,709207347839836162,6305,13340
1009,709225125749587968,620,2533
1010,709409458133323776,749,2769
1011,709449600415961088,640,2352
1012,709519240576036864,258,1574
1013,709556954897764353,1145,3472
1014,709566166965075968,1303,3740
1015,709852847387627521,1289,3694
1016,709901256215666688,106,710
1017,709918798883774466,1155,3147
1018,710117014656950272,2144,5808
1019,710140971284037632,965,2926
1020,710153181850935296,964,3070
1021,710269109699739648,1218,2542
1022,710272297844797440,1360,4783
1023,710283270106132480,558,2250
1024,710588934686908417,2028,4814
1025,710658690886586372,608,2443
1026,710833117892898816,581,2842
1027,710844581445812225,741,2688
1028,710997087345876993,1500,4812
1029,711008018775851008,671,3163
1030,711306686208872448,794,3504
1031,711363825979756544,1222,3860
1032,711652651650457602,989,4088
1033,711694788429553666,19717,34723
1034,711732680602345472,4450,9402
1035,711743778164514816,1067,3003
1036,711968124745228288,2492,8513
1037,711998809858043904,136,0
1038,712065007010385924,668,2399
1039,712085617388212225,521,3423
1040,712092745624633345,970,3110
1041,712097430750289920,1114,4013
1042,712438159032893441,1686,5618
1043,712668654853337088,1312,4395
1044,712717840512598017,5397,13072
1045,712809025985978368,7256,19641
1046,713175907180089344,1566,4717
1047,713177543487135744,3061,7604
1048,713411074226274305,1394,4660
1049,713761197720473600,1486,5159
1050,713900603437621249,805,2984
1051,713919462244790272,837,3459
1052,714141408463036416,1506,4541
1053,714214115368108032,944,2397
1054,714251586676113411,907,3450
1055,714258258790387713,774,3170
1056,714606013974974464,1006,3825
1057,714631576617938945,1080,3455
1058,714957620017307648,1530,4369
1059,714982300363173890,1112,3960
1060,715009755312439296,1329,4400
1061,715200624753819648,2032,5412
1062,715220193576927233,706,2546
1063,715342466308784130,736,3188
1064,715360349751484417,1695,5780
1065,715680795826982913,1748,4573
1066,715696743237730304,1388,4119
1067,715733265223708672,1830,4932
1068,715928423106027520,945,3368
1069,716080869887381504,1873,5152
1070,716285507865542656,1170,2931
1071,716439118184652801,231,2494
1072,716791146589110272,1495,5845
1073,716802964044845056,1264,4506
1074,717009362452090881,1049,3456
1075,717047459982213120,2052,6615
1076,717421804990701568,910,3326
1077,717537687239008257,1989,6077
1078,717790033953034240,1217,3048
1079,717841801130979328,642,2587
1080,718234618122661888,1081,4087
1081,718246886998687744,537,2037
1082,718454725339934721,1626,5143
1083,718460005985447936,573,2860
1084,718540630683709445,1091,2629
1085,718613305783398402,519,2577
1086,718631497683582976,8722,19972
1087,718939241951195136,1898,5521
1088,718971898235854848,1183,3683
1089,719332531645071360,1031,3602
1090,719339463458033665,1350,4663
1091,719367763014393856,797,2946
1092,719551379208073216,2087,5336
1093,719704490224398336,1567,4820
1094,719991154352222208,1887,5100
1095,720043174954147842,2166,5168
1096,720059472081784833,1219,4108
1097,720340705894408192,1048,3033
1098,720389942216527872,2719,6768
1099,720415127506415616,1608,4356
1100,720775346191278080,734,2622
1101,720785406564900865,840,3293
1102,721001180231503872,661,2668
1103,721503162398597120,2020,4921
1104,722613351520608256,1762,5228
1105,722974582966214656,1698,4344
1106,723179728551723008,2022,5585
1107,723673163800948736,960,3198
1108,723688335806480385,3213,8143
1109,723912936180330496,1317,4106
1110,724004602748780546,1704,4424
1111,724046343203856385,598,2812
1112,724049859469295616,1905,4574
1113,724405726123311104,1777,5603
1114,724771698126512129,691,2502
1115,724983749226668032,1405,3908
1116,725729321944506368,1924,5486
1117,725786712245440512,1462,4402
1118,725842289046749185,2855,7439
1119,726224900189511680,1250,4665
1120,726828223124897792,1088,3749
1121,726887082820554753,1624,4048
1122,726935089318363137,2648,7272
1123,727175381690781696,1479,4093
1124,727286334147182592,877,3213
1125,727314416056803329,806,3509
1126,727524757080539137,1320,4722
1127,727644517743104000,1889,6233
1128,727685679342333952,687,3104
1129,728015554473250816,1185,4327
1130,728035342121635841,1803,4804
1131,728046963732717569,1266,4552
1132,728387165835677696,1033,3876
1133,728409960103686147,2172,5197
1134,728653952833728512,1123,3503
1135,728751179681943552,732,2942
1136,728760639972315136,1834,4937
1137,728986383096946689,883,3345
1138,729113531270991872,354,1993
1139,729463711119904772,2484,6140
1140,729823566028484608,1333,4209
1141,729838605770891264,414,1800
1142,729854734790754305,1208,4256
1143,730196704625098752,2076,5166
1144,730211855403241472,1140,4046
1145,730427201120833536,1123,3662
1146,730573383004487680,2329,5205
1147,730924654643314689,2139,6478
1148,731156023742988288,1372,4056
1149,731285275100512256,1064,3688
1150,732005617171337216,5897,15787
1151,732375214819057664,2721,8554
1152,732585889486888962,832,3897
1153,732726085725589504,957,3737
1154,732732193018155009,579,2580
1155,733109485275860992,17413,47237
1156,733460102733135873,1383,4453
1157,733482008106668032,1026,3327
1158,733822306246479872,1091,3888
1159,733828123016450049,838,3803
1160,734776360183431168,585,2654
1161,734787690684657664,6805,13304
1162,734912297295085568,557,2901
1163,735137028879360001,1048,3316
1164,735256018284875776,958,3546
1165,735274964362878976,5487,13781
1166,735635087207878657,2560,6550
1167,735648611367784448,1185,4245
1168,735991953473572864,1245,3819
1169,736010884653420544,3226,8383
1170,736225175608430592,2994,8609
1171,736365877722001409,1357,4228
1172,736736130620620800,1880,4579
1173,737310737551491075,8023,15563
1174,737322739594330112,876,3818
1175,737445876994609152,4835,10920
1176,737678689543020544,1451,5340
1177,737800304142471168,3749,10584
1178,737826014890496000,1917,5577
1179,738156290900254721,712,2682
1180,738166403467907072,3702,9322
1181,738184450748633089,1316,4575
1182,738402415918125056,920,3464
1183,738537504001953792,1695,5394
1184,738883359779196928,880,3543
1185,738885046782832640,1236,3996
1186,739238157791694849,62820,121804
1187,739485634323156992,3185,7631
1188,739544079319588864,23235,42126
1189,739606147276148736,1800,5710
1190,739844404073074688,924,4014
1191,739932936087216128,1171,4296
1192,739979191639244800,6412,21152
1193,740214038584557568,2133,7096
1194,740359016048689152,925,3500
1195,740365076218183684,472,2635
1196,740373189193256964,14442,36852
1197,740676976021798912,7384,19240
1198,740699697422163968,842,3000
1199,740711788199743490,1010,3614
1200,740995100998766593,2999,6800
1201,741067306818797568,3349,10000
1202,741303864243200000,3504,9303
1203,741438259667034112,907,3891
1204,741743634094141440,2998,8674
1205,741793263812808706,1639,4836
1206,742150209887731712,1693,5461
1207,742161199639494656,1487,4599
1208,742385895052087300,2159,7209
1209,742423170473463808,4127,10442
1210,742465774154047488,4215,7691
1211,742528092657332225,2162,4716
1212,743210557239623680,1475,4069
1213,743222593470234624,2065,6580
1214,743253157753532416,1312,4494
1215,743510151680958465,4007,8385
1216,743545585370791937,1016,3741
1217,743595368194129920,7123,19605
1218,743609206067040256,1494,4764
1219,743895849529389061,1038,3866
1220,743980027717509120,1180,4407
1221,744234799360020481,84456,163674
1222,744334592493166593,2323,7187
1223,744709971296780288,1690,5945
1224,744971049620602880,2926,8366
1225,744995568523612160,679,3169
1226,745057283344719872,2478,7692
1227,745314880350101504,3013,7610
1228,745422732645535745,2644,9122
1229,745433870967832576,2763,7550
1230,745712589599014916,2528,7427
1231,745789745784041472,1162,4297
1232,746056683365994496,892,3774
1233,746131877086527488,2393,7340
1234,746369468511756288,1796,6565
1235,746507379341139972,1173,4929
1236,746726898085036033,1947,6422
1237,746790600704425984,1728,5177
1238,746818907684614144,1876,5637
1239,746872823977771008,2338,6374
1240,746906459439529985,325,3074
1241,747103485104099331,4355,10194
1242,747204161125646336,1000,3600
1243,747219827526344708,1723,5625
1244,747461612269887489,1127,4121
1245,747512671126323200,1723,5912
1246,747594051852075008,1149,3927
1247,747600769478692864,597,2465
1248,747816857231626240,1268,5171
1249,747844099428986880,814,2993
1250,747885874273214464,1078,3146
1251,747933425676525569,2783,7066
1252,747963614829678593,2342,6170
1253,748307329658011649,778,3908
1254,748324050481647620,835,3949
1255,748346686624440324,1343,5575
1256,748568946752774144,730,2324
1257,748575535303884801,2174,6460
1258,748692773788876800,1450,4518
1259,748699167502000129,1748,5048
1260,748705597323898880,1030,2946
1261,748932637671223296,2465,6234
1262,748977405889503236,3718,11433
1263,749036806121881602,850,3303
1264,749064354620928000,1647,5106
1265,749317047558017024,2422,5861
1266,749395845976588288,3783,9183
1267,749403093750648834,598,2798
1268,749417653287129088,1823,6516
1269,749774190421639168,1431,4957
1270,749981277374128128,2679,5453
1271,749996283729883136,882,3227
1272,750011400160841729,995,3461
1273,750026558547456000,862,2892
1274,750041628174217216,675,3389
1275,750056684286914561,974,3345
1276,750071704093859840,3646,8383
1277,750086836815486976,595,2315
1278,750101899009982464,920,3242
1279,750117059602808832,1422,4613
1280,750132105863102464,1388,3876
1281,750147208377409536,1056,3304
1282,750383411068534784,1239,4851
1283,750429297815552001,4713,14076
1284,750506206503038976,1258,4762
1285,750719632563142656,5521,14095
1286,750868782890057730,1517,5112
1287,751132876104687617,1429,5432
1288,751205363882532864,2004,6745
1289,751251247299190784,6426,13349
1290,751456908746354688,1089,3416
1291,751538714308972544,1390,5380
1292,751583847268179968,1222,4713
1293,751598357617971201,3316,8441
1294,751830394383790080,2142,6200
1295,751937170840121344,1468,5569
1296,752173152931807232,2023,6365
1297,752309394570878976,18250,0
1298,752334515931054080,1205,4082
1299,752519690950500352,3767,7898
1300,752660715232722944,1724,4715
1301,752682090207055872,1758,6418
1302,752917284578922496,1719,7361
1303,753026973505581056,1063,4163
1304,753294487569522689,1141,3638
1305,753375668877008896,2554,8158
1306,753398408988139520,2103,6195
1307,753420520834629632,3902,8463
1308,753655901052166144,2387,6253
1309,754120377874386944,2555,8381
1310,754449512966619136,805,4006
1311,754482103782404096,2138,5682
1312,754747087846248448,572,2752
1313,754856583969079297,2768,7362
1314,754874841593970688,8798,0
1315,755110668769038337,12130,22710
1316,755206590534418437,5895,17630
1317,755955933503782912,3160,7861
1318,756275833623502848,1681,6900
1319,756288534030475264,19184,45745
1320,756303284449767430,1187,4236
1321,756526248105566208,3969,11134
1322,756651752796094464,1445,5429
1323,756939218950160384,2203,7116
1324,756998049151549440,2181,6710
1325,757354760399941633,1559,4835
1326,757393109802180609,1915,6250
1327,757400162377592832,7493,16230
1328,757596066325864448,1164,4656
1329,757597904299253760,321,0
1330,757611664640446465,1224,4875
1331,757725642876129280,1336,4850
1332,757729163776290825,8903,0
1333,757741869644341248,3566,7376
1334,758041019896193024,412,2900
1335,758355060040593408,1191,3674
1336,758405701903519748,2109,5567
1337,758467244762497024,2444,5144
1338,758474966123810816,1086,4097
1339,758740312047005698,1752,6126
1340,758828659922702336,4200,11971
1341,758854675097526272,982,3801
1342,759047813560868866,2211,6986
1343,759099523532779520,4598,15573
1344,759159934323924993,1290,0
1345,759197388317847553,2126,6492
1346,759447681597108224,2692,9101
1347,759557299618865152,1286,5040
1348,759566828574212096,23235,0
1349,759793422261743616,2091,6388
1350,759846353224826880,2182,7210
1351,759923798737051648,6243,15734
1352,760190180481531904,1990,6112
1353,760252756032651264,948,4222
1354,760290219849637889,12613,28712
1355,760539183865880579,3982,8123
1356,760641137271070720,1416,5307
1357,760656994973933572,2112,7087
1358,760893934457552897,1066,4093
1359,761004547850530816,3806,12099
1360,761227390836215808,1707,5703
1361,761292947749015552,1208,4800
1362,761334018830917632,1597,5587
1363,761371037149827077,19717,0
1364,761599872357261312,1292,4425
1365,761672994376806400,31911,53097
1366,761745352076779520,940,4561
1367,761750502866649088,4340,0
1368,761976711479193600,2220,5805
1369,762035686371364864,17167,34319
1370,762316489655476224,1239,5175
1371,762464539388485633,4643,11103
1372,762471784394268675,7162,12126
1373,762699858130116608,3988,13073
1374,763103485927849985,2499,7894
1375,763183847194451968,1622,5802
1376,763837565564780549,4587,13540
1377,764259802650378240,1668,6495
1378,764857477905154048,1948,6892
1379,765222098633691136,3715,12474
1380,765371061932261376,2366,7605
1381,765395769549590528,3732,28304
1382,765669560888528897,1339,5572
1383,765719909049503744,2374,7777
1384,766008592277377025,540,4005
1385,766069199026450432,956,4593
1386,766078092750233600,2855,0
1387,766313316352462849,2075,7278
1388,766423258543644672,1755,6465
1389,766693177336135680,868,4328
1390,766793450729734144,1495,5457
1391,767122157629476866,3146,10876
1392,767191397493538821,4202,13197
1393,767500508068192258,2566,8044
1394,767754930266464257,5936,17206
1395,767884188863397888,1546,5094
1396,768193404517830656,3899,11711
1397,768473857036525572,3784,14643
1398,768596291618299904,1405,5394
1399,768609597686943744,1335,4418
1400,768855141948723200,983,4513
1401,768970937022709760,7215,15487
1402,769212283578875904,1894,5790
1403,769695466921623552,1832,6873
1404,769940425801170949,10648,33831
1405,770069151037685760,2543,8151
1406,770093767776997377,3349,0
1407,770293558247038976,1645,6703
1408,770414278348247044,2271,6765
1409,770655142660169732,1920,7878
1410,770772759874076672,1563,5581
1411,770787852854652928,1353,5338
1412,771014301343748096,1825,7392
1413,771102124360998913,1579,6704
1414,771136648247640064,3227,9890
1415,771171053431250945,8352,0
1416,771380798096281600,5637,11320
1417,771500966810099713,2892,8893
1418,771770456517009408,3751,12926
1419,772102971039580160,1018,4307
1420,772114945936949249,520,2912
1421,772117678702071809,806,4028
1422,772152991789019136,1235,4063
1423,772193107915964416,1529,6460
1424,772581559778025472,1868,6966
1425,772615324260794368,3715,0
1426,772826264096874500,2569,8578
1427,772877495989305348,4287,9243
1428,773191612633579521,4541,10759
1429,773247561583001600,3552,10126
1430,773308824254029826,8251,24993
1431,773547596996571136,6821,23743
1432,773670353721753600,1435,5730
1433,773704687002451968,1815,7104
1434,773922284943896577,1915,6886
1435,773985732834758656,4303,11569
1436,774314403806253056,6183,23430
1437,774639387460112384,1922,7230
1438,774757898236878852,1960,9194
1439,775085132600442880,5233,16745
1440,775364825476165632,3306,8011
1441,775729183532220416,5062,13912
1442,775733305207554048,4441,14910
1443,775842724423557120,2969,12617
1444,775898661951791106,17413,0
1445,776088319444877312,167,1977
1446,776113305656188928,4820,12668
1447,776201521193218049,2791,10338
1448,776218204058357768,17689,32369
1449,776477788987613185,3110,9552
1450,776813020089548800,1339,5259
1451,776819012571455488,15215,0
1452,777189768882946048,4801,15431
1453,777621514455814149,2763,9459
1454,777641927919427584,4713,0
1455,777684233540206592,3267,12105
1456,777885040357281792,1820,6854
1457,778027034220126208,1802,7082
1458,778039087836069888,2922,9149
1459,778286810187399168,3677,11213
1460,778383385161035776,1220,6298
1461,778396591732486144,13574,0
1462,778408200802557953,4829,14721
1463,778624900596654080,1122,5019
1464,778650543019483137,1655,6231
1465,778748913645780993,1479,7443
1466,778990705243029504,8086,21621
1467,779056095788752897,5022,15970
1468,779123168116150273,4041,12742
1469,779377524342161408,3448,9523
1470,779834332596887552,7879,20530
1471,780192070812196864,2479,9402
1472,780459368902959104,1181,5700
1473,780476555013349377,129,0
1474,780496263422808064,4127,0
1475,780543529827336192,1920,6805
1476,780601303617732608,3696,13038
1477,780800785462489090,1443,5951
1478,780858289093574656,2214,7767
1479,780931614150983680,8159,23362
1480,781163403222056960,3028,10540
1481,781251288990355457,2331,9107
1482,781524693396357120,6161,22398
1483,781661882474196992,3004,11287
1484,781955203444699136,3736,11996
1485,782021823840026624,6943,0
1486,782305867769217024,6187,18011
1487,782598640137187329,2090,8406
1488,782722598790725632,6003,18648
1489,782747134529531904,1553,8064
1490,782969140009107456,8186,26072
1491,783085703974514689,2469,8805
1492,783334639985389568,13050,31617
1493,783347506784731136,6244,0
1494,783391753726550016,6138,18260
1495,783466772167098368,2508,9138
1496,783695101801398276,3581,11291
1497,783821107061198850,2191,7967
1498,783839966405230592,12028,32529
1499,784431430411685888,1424,6155
1500,784517518371221505,2823,9705
1501,784826020293709826,3583,10960
1502,785170936622350336,5412,13095
1503,785264754247995392,1826,7858
1504,785533386513321988,2238,9859
1505,785639753186217984,2467,8451
1506,785872687017132033,2029,7235
1507,785927819176054784,3525,12292
1508,786036967502913536,7879,0
1509,786233965241827333,5321,16583
1510,786363235746385920,3905,11805
1511,786595970293370880,3452,10180
1512,786664955043049472,2865,11551
1513,786709082849828864,6784,19698
1514,786963064373534720,8913,28784
1515,787322443945877504,1942,8433
1516,787397959788929025,3157,11747
1517,787717603741622272,3097,11051
1518,787810552592695296,3398,9395
1519,788039637453406209,1481,6659
1520,788070120937619456,3806,0
1521,788150585577050112,1448,6662
1522,788178268662984705,2366,7842
1523,788412144018661376,5908,16876
1524,788765914992902144,11488,29713
1525,788908386943430656,13819,29672
1526,789137962068021249,3113,10522
1527,789268448748703744,2881,9874
1528,789530877013393408,3767,12750
1529,789599242079838210,2163,7338
1530,789628658055020548,1983,8155
1531,789986466051088384,2590,10023
1532,790277117346975746,3577,13596
1533,790337589677002753,2084,8479
1534,790581949425475584,7997,22424
1535,790698755171364864,2127,8883
1536,790723298204217344,2590,0
1537,790946055508652032,5235,17994
1538,790987426131050500,2388,10729
1539,791026214425268224,4587,0
1540,791312159183634433,2837,9522
1541,791406955684368384,4592,14226
1542,791672322847637504,3493,12739
1543,792050063153438720,2005,7790
1544,792394556390137856,4780,14616
1545,792773781206999040,1876,7965
1546,792883833364439040,4758,12262
1547,792913359805018113,4488,15563
1548,793120401413079041,4358,13763
1549,793135492858580992,2780,7011
1550,793150605191548928,1905,6693
1551,793165685325201412,3101,10194
1552,793180763617361921,2221,7504
1553,793195938047070209,6274,16562
1554,793210959003287553,3145,9685
1555,793226087023144960,3193,10666
1556,793241302385262592,3665,11412
1557,793256262322548741,9301,21662
1558,793271401113350145,2637,9369
1559,793286476301799424,10282,26710
1560,793500921481273345,2660,11601
1561,793601777308463104,1826,8646
1562,793614319594401792,3493,0
1563,793845145112371200,2095,9975
1564,793962221541933056,5463,18246
1565,794205286408003585,3693,9976
1566,794332329137291264,2950,10369
1567,794355576146903043,11488,0
1568,794926597468000259,2584,11147
1569,794983741416415232,3767,0
1570,795076730285391872,6054,17597
1571,795400264262053889,3199,10958
1572,795464331001561088,26583,54035
1573,796031486298386433,4120,11712
1574,796080075804475393,2588,9149
1575,796116448414461957,2703,9852
1576,796149749086875649,15974,35083
1577,796177847564038144,15974,0
1578,796387464403357696,4651,11932
1579,796484825502875648,1962,8215
1580,796759840936919040,3414,12875
1581,796865951799083009,2122,8314
1582,797236660651966464,7399,21700
1583,797545162159308800,5419,15718
1584,797971864723324932,3503,12630
1585,798209839306514432,2848,11253
1586,798340744599797760,3751,0
1587,798628517273620480,2193,0
1588,798644042770751489,2066,0
1589,798665375516884993,4337,0
1590,798673117451325440,6206,0
1591,798694562394996736,5538,0
1592,798697898615730177,7256,0
1593,798925684722855936,1601,8053
1594,798933969379225600,5000,14274
1595,799063482566066176,2743,8773
1596,799297110730567681,3089,10751
1597,799422933579902976,2132,8703
1598,799757965289017345,2411,9099
1599,799774291445383169,5233,0
1600,800018252395122689,14698,30756
1601,800141422401830912,2855,16570
1602,800388270626521089,3130,12077
1603,800443802682937345,4820,0
1604,800459316964663297,2402,10233
1605,800513324630806528,3355,14233
1606,800751577355128832,3097,11382
1607,801115127852503040,2327,8748
1608,801167903437357056,6650,26560
1609,801285448605831168,928,6564
1610,801538201127157760,2298,8875
1611,801958328846974976,1905,8352
1612,802239329049477120,2906,9822
1613,802265048156610565,1517,6924
1614,802323869084381190,6523,17593
1615,802572683846291456,2799,9680
1616,802624713319034886,3267,0
1617,802952499103731712,2239,9767
1618,803276597545603072,2757,10855
1619,803380650405482500,2071,8383
1620,803638050916102144,4624,11907
1621,803692223237865472,8285,0
1622,803773340896923648,3090,10873
1623,804026241225523202,18073,48306
1624,804413760345620481,3583,0
1625,804738756058218496,4301,14872
1626,805207613751304193,1898,8422
1627,805487436403003392,2823,9481
1628,805520635690676224,1845,6203
1629,805826884734976000,2042,7127
1630,805932879469572096,2126,8943
1631,805958939288408065,6003,0
1632,806219024703037440,1337,6944
1633,806242860592926720,13050,0
1634,806542213899489280,2639,11042
1635,806629075125202948,38923,81325
1636,807010152071229440,4254,14079
1637,807059379405148160,8186,0
1638,807106840509214720,60382,121918
1639,807621403335917568,4111,15766
1640,808001312164028416,3933,13591
1641,808106460588765185,2435,9419
1642,808134635716833280,6650,0
1643,808501579447930884,2895,12204
1644,808733504066486276,2409,8544
1645,808838249661788160,3381,10913
1646,809084759137812480,3903,14278
1647,809220051211603969,6266,21548
1648,809448704142938112,1635,7487
1649,809808892968534016,5463,0
1650,809920764300447744,4340,16742
1651,810254108431155201,3733,15869
1652,810284430598270976,12719,38324
1653,810657578271330305,2941,11840
1654,810896069567610880,1990,9776
1655,810984652412424192,1591,5756
1656,811386762094317568,7125,22579
1657,811627233043480576,3493,13841
1658,811744202451197953,1792,8146
1659,811985624773361665,1563,7839
1660,812372279581671427,4087,14794
1661,812466873996607488,2142,8632
1662,812503143955202048,1364,6560
1663,812709060537683968,1594,7147
1664,812781120811126785,2126,8177
1665,813051746834595840,8154,22615
1666,813066809284972545,2164,8588
1667,813081950185472002,3082,10654
1668,813096984823349248,4013,11355
1669,813112105746448384,3067,11165
1670,813127251579564032,3482,12799
1671,813142292504645637,2626,9073
1672,813157409116065792,2463,8360
1673,813172488309972993,2129,10075
1674,813187593374461952,4859,21407
1675,813202720496779264,2001,9896
1676,813217897535406080,8109,20170
1677,813800681631023104,1958,9010
1678,813812741911748608,15588,39204
1679,813910438903693312,2096,10013
1680,813944609378369540,3577,0
1681,814153002265309185,9666,31018
1682,814530161257443328,2059,9345
1683,814638523311648768,3011,12174
1684,814986499976527872,1436,8238
1685,815390420867969024,4227,11161
1686,815639385530101762,1835,8859
1687,815736392542261248,2517,10602
1688,815966073409433600,9451,24211
1689,815990720817401858,1162,5385
1690,816014286006976512,5897,0
1691,816091915477250048,2389,9616
1692,816336735214911488,2170,9268
1693,816450570814898180,9014,32953
1694,816697700272001025,2448,10566
1695,816816676327063552,2259,10760
1696,816829038950027264,5235,0
1697,817056546584727552,1831,9226
1698,817120970343411712,2908,13095
1699,817171292965273600,2232,9401
1700,817181837579653120,9451,0
1701,817415592588222464,1072,6058
1702,817423860136083457,16643,36885
1703,817536400337801217,3366,12707
1704,817777686764523521,2958,11520
1705,817827839487737858,30077,55868
1706,818145370475810820,2885,13226
1707,818259473185828864,2536,11861
1708,818536468981415936,2749,11749
1709,818588835076603904,6821,0
1710,818614493328580609,2864,10615
1711,818627210458333184,8256,23884
1712,819004803107983360,40595,92918
1713,819006400881917954,20941,48535
1714,819015331746349057,20941,0
1715,819015337530290176,40595,0
1716,819227688460238848,7404,24850
1717,819347104292290561,1334,7762
1718,819588359383371776,2180,10296
1719,819711362133872643,3478,14469
1720,819924195358416896,5361,13834
1721,819952236453363712,1311,5713
1722,820078625395449857,6950,21276
1723,820314633777061888,627,3583
1724,820446719150292993,2855,0
1725,820690176645140481,3566,13116
1726,820749716845686786,10992,33904
1727,821044531881721856,2533,13597
1728,821107785811234820,2356,10315
1729,821149554670182400,2224,9383
1730,821407182352777218,4821,12646
1731,821522889702862852,1954,8609
1732,821765923262631936,1844,9043
1733,821813639212650496,3696,0
1734,821886076407029760,2588,12194
1735,822244816520155136,10893,37633
1736,822462944365645825,16258,30621
1737,822489057087389700,7079,19474
1738,822610361945911296,3272,15848
1739,822647212903690241,7079,0
1740,822859134160621569,2519,14159
1741,822872901745569793,48514,142029
1742,822975315408461824,3798,18549
1743,823269594223824897,10893,0
1744,823322678127919110,4439,16903
1745,823581115634085888,2926,13970
1746,823699002998870016,2664,13480
1747,823939628516474880,2994,11422
1748,824297048279236611,4263,16108
1749,824325613288833024,11457,12618
1750,824663926340194305,1918,10789
1751,824775126675836928,3894,16021
1752,824796380199809024,6054,0
1753,825026590719483904,1421,6803
1754,825147591692263424,5040,19589
1755,825535076884762624,18966,55724
1756,825829644528148480,2741,13625
1757,825876512159186944,2056,11200
1758,826115272272650244,3450,16775
1759,826204788643753985,1028,5216
1760,826240494070030336,2851,14191
1761,826476773533745153,4618,19695
1762,826598365270007810,2584,10768
1763,826848821049180160,11286,39046
1764,826958653328592898,5514,23105
1765,827199976799354881,2463,11306
1766,827324948884643840,3372,16983
1767,827600520311402496,1042,7909
1768,827653905312006145,3305,16490
1769,827933404142436356,5745,21521
1770,828011680017821696,2360,11068
1771,828046555563323392,3152,12565
1772,828372645993398273,3226,13385
1773,828376505180889089,1169,7895
1774,828381636999917570,2438,13490
1775,828408677031882754,1409,8158
1776,828409743546925057,1265,6710
1777,828650029636317184,1479,10149
1778,828708714936930305,12336,39090
1779,828770345708580865,6467,27287
1780,829011960981237760,17817,56545
1781,829141528400556032,8148,26182
1782,829374341691346946,10237,36950
1783,829449946868879360,2226,11159
1784,829501995190984704,11654,33863
1785,829861396166877184,2151,13055
1786,829878982036299777,5514,0
1787,830097400375152640,3308,10490
1788,830583320585068544,18493,71342
1789,830956169170665475,1644,8501
1790,831262627380748289,2251,12673
1791,831309418084069378,2675,12472
1792,831315979191906304,1224,6946
1793,831322785565769729,1669,9772
1794,831552930092285952,2516,9590
1795,831650051525054464,2138,7644
1796,831670449226514432,1992,11119
1797,831911600680497154,7150,29462
1798,831939777352105988,6729,25549
1799,832032802820481025,5105,18996
1800,832040443403784192,10648,0
1801,832215726631055365,10282,0
1802,832273440279240704,2555,12032
1803,832369877331693569,3484,18229
1804,832397543355072512,2439,12705
1805,832636094638288896,3065,16883
1806,832757312314028032,3968,17893
1807,832769181346996225,40,0
1808,832998151111966721,2428,14149
1809,833124694597443584,5292,21473
1810,833479644947025920,2261,15800
1811,833722901757046785,3499,21971
1812,833826103416520705,3759,16300
1813,833863086058651648,2630,14248
1814,834086379323871233,2420,13874
1815,834167344700198914,3963,16727
1816,834209720923721728,5241,21897
1817,834458053273591808,1826,10210
1818,834574053763584002,2767,14544
1819,834786237630337024,5972,22435
1820,834931633769889797,1802,11505
1821,835152434251116546,3300,23855
1822,835172783151792128,6269,27724
1823,835264098648616962,1856,8238
1824,835297930240217089,3262,17405
1825,835574547218894849,3954,18880
1826,836001077879255040,4684,20282
1827,836260088725786625,4671,22551
1828,836380477523124226,3214,15618
1829,836677758902222849,2423,13365
1830,836753516572119041,5022,20399
1831,836989968035819520,2496,13494
1832,837110210464448512,2610,16974
1833,837366284874571778,5759,22396
1834,837471256429613056,2507,13556
1835,837482249356513284,481,4061
1836,837820167694528512,8569,36222
1837,838083903487373313,3425,18669
1838,838476387338051585,5234,23929
1839,838561493054533637,1438,11545
1840,838916489579200512,36,0
1841,838921590096166913,2253,11819
1842,839239871831150596,7120,28763
1843,839290600511926273,154,0
1844,839549326359670784,8440,29098
1845,839990271299457024,2494,14187
1846,840268004936019968,6205,20370
1847,840370681858686976,4937,17396
1848,840632337062862849,1901,9476
1849,840696689258311684,1068,12983
1850,841077006473256960,5741,24181
1851,841314665196081154,5087,16708
1852,841439858740625411,3973,13328
1853,841680585030541313,8375,27009
1854,841833993020538882,16643,0
1855,842115215311396866,3273,14764
1856,842163532590374912,6269,25791
1857,842535590457499648,3783,19044
1858,842765311967449089,1373,7106
1859,842846295480000512,3874,16014
1860,843235543001513987,6547,22634
1861,843604394117681152,2965,17768
1862,843856843873095681,4990,22527
1863,844223788422217728,2368,14329
1864,844580511645339650,3387,17321
1865,844704788403113984,11146,40716
1866,844973813909606400,3460,15892
1867,844979544864018432,2783,14330
1868,845306882940190720,5805,24501
1869,845397057150107648,1955,8009
1870,845677943972139009,5142,26342
1871,845812042753855489,9416,30774
1872,846042936437604353,3105,16778
1873,846153765933735936,9750,33260
1874,846514051647705089,12477,46862
1875,846874817362120707,4207,21046
1876,847116187444137987,3418,22441
1877,847157206088847362,6286,20929
1878,847251039262605312,4602,21408
1879,847606175596138505,3627,19633
1880,847842811428974592,1438,5736
1881,847962785489326080,5469,24582
1882,847971574464610304,462,0
1883,848212111729840128,3300,17075
1884,848324959059550208,4925,25870
1885,848690551926992896,4616,26332
1886,849051919805034497,9108,44333
1887,849336543269576704,2017,11923
1888,849412302885593088,3350,16555
1889,849776966551130114,8111,31752
1890,850019790995546112,5221,21305
1891,850145622816686080,4079,16993
1892,850380195714523136,2784,13595
1893,850753642995093505,9894,32295
1894,851224888060895234,6087,21505
1895,851464819735769094,7518,25230
1896,851591660324737024,3683,16823
1897,851861385021730816,23,0
1898,851953902622658560,10237,0
1899,852189679701164033,1675,11891
1900,852226086759018497,7217,20759
1901,852311364735569921,10486,34352
1902,852553447878664193,3726,16964
1903,852672615818899456,2278,15442
1904,852912242202992640,1946,9369
1905,853299958564483072,3760,16054
1906,853639147608842240,10705,36060
1907,853760880890318849,6114,29539
1908,854010172552949760,3316,16704
1909,854120357044912130,7898,32966
1910,854365224396361728,4933,19473
1911,854482394044301312,7227,30197
1912,854732716440526848,6414,23507
1913,855459453768019968,8621,30762
1914,855851453814013952,18514,46563
1915,856282028240666624,6601,28400
1916,856526610513747968,1957,12110
1917,856543823941562368,3001,16652
1918,857029823797047296,4168,19359
1919,857263160327368704,4706,20460
1920,857393404942143489,1707,6052
1921,857746408056729600,11033,35005
1922,857989990357356544,2683,16459
1923,858107933456039936,3024,16064
1924,858471635011153920,5022,21942
1925,858843525470990336,3599,15842
1926,859074603037188101,14078,34565
1927,859196978902773760,31306,91748
1928,859607811541651456,1623,18934
1929,859851578198683649,3627,15675
1930,859924526012018688,4234,19886
1931,860184849394610176,6024,16972
1932,860276583193509888,3589,18597
1933,860524505164394496,5436,24016
1934,860563773140209665,2227,7630
1935,860924035999428608,844,0
1936,861005113778896900,3924,16976
1937,861288531465048066,4292,17460
1938,861383897657036800,11014,36614
1939,862096992088072192,23989,75734
1940,862457590147678208,5104,20827
1941,862722525377298433,3632,17312
1942,862831371563274240,5225,19444
1943,863062471531167744,2532,8650
1944,863079547188785154,1125,8883
1945,863432100342583297,5397,24123
1946,863553081350529029,4278,15482
1947,863907417377173506,4241,20861
1948,864197398364647424,9171,30510
1949,864279568663928832,3115,14779
1950,864873206498414592,8933,32633
1951,865006731092295680,7862,28291
1952,865359393868664832,5113,26736
1953,865718153858494464,5740,25831
1954,866334964761202691,14769,53064
1955,866450705531457537,35987,123279
1956,866686824827068416,3551,19471
1957,867051520902168576,8024,32461
1958,867072653475098625,128,0
1959,867421006826221569,2567,16227
1960,867774946302451713,7468,34198
1961,867900495410671616,4241,24305
1962,868552278524837888,2130,10185
1963,868622495443632128,5871,27332
1964,868880397819494401,14727,65875
1965,869227993411051520,3836,20488
1966,869596645499047938,3171,16005
1967,869702957897576449,6415,28290
1968,869772420881756160,10151,42452
1969,870063196459192321,8455,36739
1970,870308999962521604,4200,21827
1971,870374049280663552,26481,82701
1972,870656317836468226,2669,12407
1973,870804317367881728,6259,33595
1974,871032628920680449,3843,22621
1975,871515927908634625,3478,20171
1976,871762521631449091,3498,20219
1977,871879754684805121,11271,37942
1978,872122724285648897,8161,34341
1979,872261713294495745,6363,34100
1980,872486979161796608,9048,40543
1981,872620804844003328,3718,20703
1982,872820683541237760,3707,14662
1983,872967104147763200,5422,27255
1984,873213775632977920,1592,7212
1985,873580283840344065,3958,24112
1986,874012996292530176,10466,34445
1987,874057562936811520,3959,22521
1988,874296783580663808,4122,25912
1989,874680097055178752,4650,27666
1990,875021211251597312,4711,25311
1991,875144289856114688,4922,21777
1992,875747767867523072,4287,25031
1993,876120275196170240,4684,27718
1994,876484053909872640,2392,18633
1995,876838120628539392,3346,20537
1996,877201837425926144,5577,26918
1997,877316821321428993,5164,27182
1998,877556246731214848,3810,22575
1999,877611172832227328,80,0
2000,877736472329191424,19072,79322
2001,878057613040115712,6820,41740
2002,878281511006478336,1283,7693
2003,878776093423087618,4119,19273
2004,879008229531029506,2679,18835
2005,879050749262655488,4703,22416
2006,879376492567855104,3107,16640
2007,879415818425184262,44024,105085
2008,879492040517615616,3174,23241
2009,879862464715927552,3482,22164
2010,880095782870896641,4349,27413
2011,880221127280381952,4209,26849
2012,880465832366813184,6263,28316
2013,880872448815771648,3800,21124
2014,880935762899988482,2769,16881
2015,881268444196462592,5136,22912
2016,881536004380872706,15886,49072
2017,881666595344535552,10610,50160
2018,881906580714921986,3387,24113
2019,882045870035918850,4950,29117
2020,882268110199369728,11538,44638
2021,882627270321602560,6063,27698
2022,882762694511734784,4893,28085
2023,882992080364220416,3900,23782
2024,883117836046086144,6643,36919
2025,883360690899218434,3657,22397
2026,883482846933004288,9912,45584
2027,883838122936631299,3426,21734
2028,884162670584377345,2967,20219
2029,884441805382717440,5616,26779
2030,884562892145688576,4840,24119
2031,884876753390489601,5756,27712
2032,884925521741709313,18334,76901
2033,885167619883638784,4357,21763
2034,885311592912609280,18493,0
2035,885528943205470208,6392,35701
2036,885984800019947520,6770,32445
2037,886258384151887873,6235,27767
2038,886366144734445568,3182,21028
2039,886680336477933568,4439,22241
2040,886736880519319552,3273,11964
2041,886983233522544640,7729,34892
2042,887101392804085760,5925,30304
2043,887343217045368832,10338,33413
2044,887473957103951883,18092,68567
2045,887517139158093824,11606,45882
2046,887705289381826560,5358,29930
2047,888078434458587136,3475,21586
2048,888554962724278272,3560,19727
2049,888804989199671297,4298,25392
2050,888917238123831296,4474,28857
2051,889278841981685760,5387,25096
2052,889531135344209921,2225,14976
2053,889638837579907072,4518,26934
2054,889665388333682689,9997,47739
2055,889880896479866881,4946,27565
2056,890006608113172480,7290,30425
2057,890240255349198849,7356,31658
2058,890609185150312448,4240,27589
2059,890729181411237888,18785,64946
2060,890971913173991426,2054,11749
2061,891087950875897856,3091,20068
2062,891327558926688256,9326,39996
2063,891689557279858688,8595,41829
2064,891815181378084864,4133,24821
2065,892177421306343426,6234,32956
2066,892420643555336193,8467,38467
